[
   [
      109,
      256,
      108
   ],
   [
      109,
      108,
      256
   ],
   [
      256,
      109,
      108
   ],
   [
      256,
      108,
      109
   ],
   [
      108,
      109,
      256
   ],
   [
      108,
      256,
      109
   ],
   [
      152,
      101,
      195
   ],
   [
      152,
      195,
      101
   ],
   [
      101,
      152,
      195
   ],
   [
      101,
      195,
      152
   ],
   [
      195,
      152,
      101
   ],
   [
      195,
      101,
      152
   ],
   [
      127,
      187,
      166
   ],
   [
      127,
      166,
      187
   ],
   [
      187,
      127,
      166
   ],
   [
      187,
      166,
      127
   ],
   [
      166,
      127,
      187
   ],
   [
      166,
      187,
      127
   ],
   [
      388,
      102,
      61
   ],
   [
      388,
      61,
      102
   ],
   [
      102,
      388,
      61
   ],
   [
      102,
      61,
      388
   ],
   [
      61,
      388,
      102
   ],
   [
      61,
      102,
      388
   ],
   [
      58,
      192,
      187
   ],
   [
      58,
      187,
      192
   ],
   [
      192,
      58,
      187
   ],
   [
      192,
      187,
      58
   ],
   [
      187,
      58,
      192
   ],
   [
      187,
      192,
      58
   ],
   [
      122,
      191,
      172
   ],
   [
      122,
      172,
      191
   ],
   [
      191,
      122,
      172
   ],
   [
      191,
      172,
      122
   ],
   [
      172,
      122,
      191
   ],
   [
      172,
      191,
      122
   ],
   [
      223,
      88,
      114
   ],
   [
      223,
      114,
      88
   ],
   [
      88,
      223,
      114
   ],
   [
      88,
      114,
      223
   ],
   [
      114,
      223,
      88
   ],
   [
      114,
      88,
      223
   ],
   [
      111,
      188,
      178
   ],
   [
      111,
      178,
      188
   ],
   [
      188,
      111,
      178
   ],
   [
      188,
      178,
      111
   ],
   [
      178,
      111,
      188
   ],
   [
      178,
      188,
      111
   ],
   [
      178,
      119,
      205
   ],
   [
      178,
      205,
      119
   ],
   [
      119,
      178,
      205
   ],
   [
      119,
      205,
      178
   ],
   [
      205,
      178,
      119
   ],
   [
      205,
      119,
      178
   ],
   [
      190,
      92,
      92
   ],
   [
      190,
      92,
      92
   ],
   [
      92,
      190,
      92
   ],
   [
      92,
      92,
      190
   ],
   [
      92,
      190,
      92
   ],
   [
      92,
      92,
      190
   ],
   [
      103,
      189,
      161
   ],
   [
      103,
      161,
      189
   ],
   [
      189,
      103,
      161
   ],
   [
      189,
      161,
      103
   ],
   [
      161,
      103,
      189
   ],
   [
      161,
      189,
      103
   ],
   [
      194,
      226,
      216
   ],
   [
      194,
      216,
      226
   ],
   [
      226,
      194,
      216
   ],
   [
      226,
      216,
      194
   ],
   [
      216,
      194,
      226
   ],
   [
      216,
      226,
      194
   ],
   [
      188,
      233,
      182
   ],
   [
      188,
      182,
      233
   ],
   [
      233,
      188,
      182
   ],
   [
      233,
      182,
      188
   ],
   [
      182,
      188,
      233
   ],
   [
      182,
      233,
      188
   ],
   [
      162,
      218,
      182
   ],
   [
      162,
      182,
      218
   ],
   [
      218,
      162,
      182
   ],
   [
      218,
      182,
      162
   ],
   [
      182,
      162,
      218
   ],
   [
      182,
      218,
      162
   ],
   [
      76,
      146,
      78
   ],
   [
      76,
      78,
      146
   ],
   [
      146,
      76,
      78
   ],
   [
      146,
      78,
      76
   ],
   [
      78,
      76,
      146
   ],
   [
      78,
      146,
      76
   ],
   [
      296,
      262,
      384
   ],
   [
      296,
      384,
      262
   ],
   [
      262,
      296,
      384
   ],
   [
      262,
      384,
      296
   ],
   [
      384,
      296,
      262
   ],
   [
      384,
      262,
      296
   ],
   [
      144,
      176,
      222
   ],
   [
      144,
      222,
      176
   ],
   [
      176,
      144,
      222
   ],
   [
      176,
      222,
      144
   ],
   [
      222,
      144,
      176
   ],
   [
      222,
      176,
      144
   ],
   [
      177,
      95,
      182
   ],
   [
      177,
      182,
      95
   ],
   [
      95,
      177,
      182
   ],
   [
      95,
      182,
      177
   ],
   [
      182,
      177,
      95
   ],
   [
      182,
      95,
      177
   ],
   [
      137,
      203,
      111
   ],
   [
      137,
      111,
      203
   ],
   [
      203,
      137,
      111
   ],
   [
      203,
      111,
      137
   ],
   [
      111,
      137,
      203
   ],
   [
      111,
      203,
      137
   ],
   [
      110,
      186,
      106
   ],
   [
      110,
      106,
      186
   ],
   [
      186,
      110,
      106
   ],
   [
      186,
      106,
      110
   ],
   [
      106,
      110,
      186
   ],
   [
      106,
      186,
      110
   ],
   [
      175,
      107,
      106
   ],
   [
      175,
      106,
      107
   ],
   [
      107,
      175,
      106
   ],
   [
      107,
      106,
      175
   ],
   [
      106,
      175,
      107
   ],
   [
      106,
      107,
      175
   ],
   [
      96,
      158,
      328
   ],
   [
      96,
      328,
      158
   ],
   [
      158,
      96,
      328
   ],
   [
      158,
      328,
      96
   ],
   [
      328,
      96,
      158
   ],
   [
      328,
      158,
      96
   ],
   [
      147,
      119,
      107
   ],
   [
      147,
      107,
      119
   ],
   [
      119,
      147,
      107
   ],
   [
      119,
      107,
      147
   ],
   [
      107,
      147,
      119
   ],
   [
      107,
      119,
      147
   ],
   [
      197,
      108,
      135
   ],
   [
      197,
      135,
      108
   ],
   [
      108,
      197,
      135
   ],
   [
      108,
      135,
      197
   ],
   [
      135,
      197,
      108
   ],
   [
      135,
      108,
      197
   ],
   [
      157,
      137,
      342
   ],
   [
      157,
      342,
      137
   ],
   [
      137,
      157,
      342
   ],
   [
      137,
      342,
      157
   ],
   [
      342,
      157,
      137
   ],
   [
      342,
      137,
      157
   ],
   [
      246,
      86,
      106
   ],
   [
      246,
      106,
      86
   ],
   [
      86,
      246,
      106
   ],
   [
      86,
      106,
      246
   ],
   [
      106,
      246,
      86
   ],
   [
      106,
      86,
      246
   ],
   [
      50,
      55,
      229
   ],
   [
      50,
      229,
      55
   ],
   [
      55,
      50,
      229
   ],
   [
      55,
      229,
      50
   ],
   [
      229,
      50,
      55
   ],
   [
      229,
      55,
      50
   ],
   [
      108,
      118,
      159
   ],
   [
      108,
      159,
      118
   ],
   [
      118,
      108,
      159
   ],
   [
      118,
      159,
      108
   ],
   [
      159,
      108,
      118
   ],
   [
      159,
      118,
      108
   ],
   [
      183,
      103,
      250
   ],
   [
      183,
      250,
      103
   ],
   [
      103,
      183,
      250
   ],
   [
      103,
      250,
      183
   ],
   [
      250,
      183,
      103
   ],
   [
      250,
      103,
      183
   ],
   [
      124,
      111,
      169
   ],
   [
      124,
      169,
      111
   ],
   [
      111,
      124,
      169
   ],
   [
      111,
      169,
      124
   ],
   [
      169,
      124,
      111
   ],
   [
      169,
      111,
      124
   ],
   [
      96,
      72,
      143
   ],
   [
      96,
      143,
      72
   ],
   [
      72,
      96,
      143
   ],
   [
      72,
      143,
      96
   ],
   [
      143,
      96,
      72
   ],
   [
      143,
      72,
      96
   ],
   [
      134,
      193,
      91
   ],
   [
      134,
      91,
      193
   ],
   [
      193,
      134,
      91
   ],
   [
      193,
      91,
      134
   ],
   [
      91,
      134,
      193
   ],
   [
      91,
      193,
      134
   ],
   [
      134,
      91,
      329
   ],
   [
      134,
      329,
      91
   ],
   [
      91,
      134,
      329
   ],
   [
      91,
      329,
      134
   ],
   [
      329,
      134,
      91
   ],
   [
      329,
      91,
      134
   ],
   [
      145,
      92,
      163
   ],
   [
      145,
      163,
      92
   ],
   [
      92,
      145,
      163
   ],
   [
      92,
      163,
      145
   ],
   [
      163,
      145,
      92
   ],
   [
      163,
      92,
      145
   ],
   [
      303,
      156,
      170
   ],
   [
      303,
      170,
      156
   ],
   [
      156,
      303,
      170
   ],
   [
      156,
      170,
      303
   ],
   [
      170,
      303,
      156
   ],
   [
      170,
      156,
      303
   ],
   [
      203,
      158,
      144
   ],
   [
      203,
      144,
      158
   ],
   [
      158,
      203,
      144
   ],
   [
      158,
      144,
      203
   ],
   [
      144,
      203,
      158
   ],
   [
      144,
      158,
      203
   ],
   [
      131,
      194,
      231
   ],
   [
      131,
      231,
      194
   ],
   [
      194,
      131,
      231
   ],
   [
      194,
      231,
      131
   ],
   [
      231,
      131,
      194
   ],
   [
      231,
      194,
      131
   ],
   [
      130,
      164,
      281
   ],
   [
      130,
      281,
      164
   ],
   [
      164,
      130,
      281
   ],
   [
      164,
      281,
      130
   ],
   [
      281,
      130,
      164
   ],
   [
      281,
      164,
      130
   ],
   [
      199,
      202,
      209
   ],
   [
      199,
      209,
      202
   ],
   [
      202,
      199,
      209
   ],
   [
      202,
      209,
      199
   ],
   [
      209,
      199,
      202
   ],
   [
      209,
      202,
      199
   ],
   [
      111,
      126,
      205
   ],
   [
      111,
      205,
      126
   ],
   [
      126,
      111,
      205
   ],
   [
      126,
      205,
      111
   ],
   [
      205,
      111,
      126
   ],
   [
      205,
      126,
      111
   ],
   [
      198,
      126,
      315
   ],
   [
      198,
      315,
      126
   ],
   [
      126,
      198,
      315
   ],
   [
      126,
      315,
      198
   ],
   [
      315,
      198,
      126
   ],
   [
      315,
      126,
      198
   ],
   [
      175,
      174,
      147
   ],
   [
      175,
      147,
      174
   ],
   [
      174,
      175,
      147
   ],
   [
      174,
      147,
      175
   ],
   [
      147,
      175,
      174
   ],
   [
      147,
      174,
      175
   ],
   [
      134,
      228,
      144
   ],
   [
      134,
      144,
      228
   ],
   [
      228,
      134,
      144
   ],
   [
      228,
      144,
      134
   ],
   [
      144,
      134,
      228
   ],
   [
      144,
      228,
      134
   ],
   [
      142,
      103,
      156
   ],
   [
      142,
      156,
      103
   ],
   [
      103,
      142,
      156
   ],
   [
      103,
      156,
      142
   ],
   [
      156,
      142,
      103
   ],
   [
      156,
      103,
      142
   ],
   [
      123,
      73,
      224
   ],
   [
      123,
      224,
      73
   ],
   [
      73,
      123,
      224
   ],
   [
      73,
      224,
      123
   ],
   [
      224,
      123,
      73
   ],
   [
      224,
      73,
      123
   ],
   [
      107,
      101,
      131
   ],
   [
      107,
      131,
      101
   ],
   [
      101,
      107,
      131
   ],
   [
      101,
      131,
      107
   ],
   [
      131,
      107,
      101
   ],
   [
      131,
      101,
      107
   ],
   [
      202,
      207,
      314
   ],
   [
      202,
      314,
      207
   ],
   [
      207,
      202,
      314
   ],
   [
      207,
      314,
      202
   ],
   [
      314,
      202,
      207
   ],
   [
      314,
      207,
      202
   ],
   [
      189,
      74,
      139
   ],
   [
      189,
      139,
      74
   ],
   [
      74,
      189,
      139
   ],
   [
      74,
      139,
      189
   ],
   [
      139,
      189,
      74
   ],
   [
      139,
      74,
      189
   ],
   [
      309,
      169,
      185
   ],
   [
      309,
      185,
      169
   ],
   [
      169,
      309,
      185
   ],
   [
      169,
      185,
      309
   ],
   [
      185,
      309,
      169
   ],
   [
      185,
      169,
      309
   ],
   [
      137,
      241,
      144
   ],
   [
      137,
      144,
      241
   ],
   [
      241,
      137,
      144
   ],
   [
      241,
      144,
      137
   ],
   [
      144,
      137,
      241
   ],
   [
      144,
      241,
      137
   ],
   [
      222,
      230,
      97
   ],
   [
      222,
      97,
      230
   ],
   [
      230,
      222,
      97
   ],
   [
      230,
      97,
      222
   ],
   [
      97,
      222,
      230
   ],
   [
      97,
      230,
      222
   ],
   [
      192,
      276,
      107
   ],
   [
      192,
      107,
      276
   ],
   [
      276,
      192,
      107
   ],
   [
      276,
      107,
      192
   ],
   [
      107,
      192,
      276
   ],
   [
      107,
      276,
      192
   ],
   [
      219,
      153,
      106
   ],
   [
      219,
      106,
      153
   ],
   [
      153,
      219,
      106
   ],
   [
      153,
      106,
      219
   ],
   [
      106,
      219,
      153
   ],
   [
      106,
      153,
      219
   ],
   [
      231,
      163,
      187
   ],
   [
      231,
      187,
      163
   ],
   [
      163,
      231,
      187
   ],
   [
      163,
      187,
      231
   ],
   [
      187,
      231,
      163
   ],
   [
      187,
      163,
      231
   ],
   [
      119,
      123,
      156
   ],
   [
      119,
      156,
      123
   ],
   [
      123,
      119,
      156
   ],
   [
      123,
      156,
      119
   ],
   [
      156,
      119,
      123
   ],
   [
      156,
      123,
      119
   ],
   [
      191,
      95,
      187
   ],
   [
      191,
      187,
      95
   ],
   [
      95,
      191,
      187
   ],
   [
      95,
      187,
      191
   ],
   [
      187,
      191,
      95
   ],
   [
      187,
      95,
      191
   ],
   [
      205,
      166,
      165
   ],
   [
      205,
      165,
      166
   ],
   [
      166,
      205,
      165
   ],
   [
      166,
      165,
      205
   ],
   [
      165,
      205,
      166
   ],
   [
      165,
      166,
      205
   ],
   [
      103,
      46,
      182
   ],
   [
      103,
      182,
      46
   ],
   [
      46,
      103,
      182
   ],
   [
      46,
      182,
      103
   ],
   [
      182,
      103,
      46
   ],
   [
      182,
      46,
      103
   ],
   [
      113,
      127,
      160
   ],
   [
      113,
      160,
      127
   ],
   [
      127,
      113,
      160
   ],
   [
      127,
      160,
      113
   ],
   [
      160,
      113,
      127
   ],
   [
      160,
      127,
      113
   ],
   [
      76,
      209,
      168
   ],
   [
      76,
      168,
      209
   ],
   [
      209,
      76,
      168
   ],
   [
      209,
      168,
      76
   ],
   [
      168,
      76,
      209
   ],
   [
      168,
      209,
      76
   ],
   [
      82,
      129,
      104
   ],
   [
      82,
      104,
      129
   ],
   [
      129,
      82,
      104
   ],
   [
      129,
      104,
      82
   ],
   [
      104,
      82,
      129
   ],
   [
      104,
      129,
      82
   ],
   [
      195,
      119,
      182
   ],
   [
      195,
      182,
      119
   ],
   [
      119,
      195,
      182
   ],
   [
      119,
      182,
      195
   ],
   [
      182,
      195,
      119
   ],
   [
      182,
      119,
      195
   ],
   [
      94,
      124,
      94
   ],
   [
      94,
      94,
      124
   ],
   [
      124,
      94,
      94
   ],
   [
      124,
      94,
      94
   ],
   [
      94,
      94,
      124
   ],
   [
      94,
      124,
      94
   ],
   [
      136,
      179,
      138
   ],
   [
      136,
      138,
      179
   ],
   [
      179,
      136,
      138
   ],
   [
      179,
      138,
      136
   ],
   [
      138,
      136,
      179
   ],
   [
      138,
      179,
      136
   ],
   [
      240,
      117,
      139
   ],
   [
      240,
      139,
      117
   ],
   [
      117,
      240,
      139
   ],
   [
      117,
      139,
      240
   ],
   [
      139,
      240,
      117
   ],
   [
      139,
      117,
      240
   ],
   [
      63,
      284,
      203
   ],
   [
      63,
      203,
      284
   ],
   [
      284,
      63,
      203
   ],
   [
      284,
      203,
      63
   ],
   [
      203,
      63,
      284
   ],
   [
      203,
      284,
      63
   ],
   [
      199,
      283,
      241
   ],
   [
      199,
      241,
      283
   ],
   [
      283,
      199,
      241
   ],
   [
      283,
      241,
      199
   ],
   [
      241,
      199,
      283
   ],
   [
      241,
      283,
      199
   ],
   [
      116,
      100,
      141
   ],
   [
      116,
      141,
      100
   ],
   [
      100,
      116,
      141
   ],
   [
      100,
      141,
      116
   ],
   [
      141,
      116,
      100
   ],
   [
      141,
      100,
      116
   ],
   [
      102,
      132,
      174
   ],
   [
      102,
      174,
      132
   ],
   [
      132,
      102,
      174
   ],
   [
      132,
      174,
      102
   ],
   [
      174,
      102,
      132
   ],
   [
      174,
      132,
      102
   ],
   [
      209,
      173,
      151
   ],
   [
      209,
      151,
      173
   ],
   [
      173,
      209,
      151
   ],
   [
      173,
      151,
      209
   ],
   [
      151,
      209,
      173
   ],
   [
      151,
      173,
      209
   ],
   [
      144,
      158,
      114
   ],
   [
      144,
      114,
      158
   ],
   [
      158,
      144,
      114
   ],
   [
      158,
      114,
      144
   ],
   [
      114,
      144,
      158
   ],
   [
      114,
      158,
      144
   ],
   [
      179,
      120,
      193
   ],
   [
      179,
      193,
      120
   ],
   [
      120,
      179,
      193
   ],
   [
      120,
      193,
      179
   ],
   [
      193,
      179,
      120
   ],
   [
      193,
      120,
      179
   ],
   [
      74,
      155,
      262
   ],
   [
      74,
      262,
      155
   ],
   [
      155,
      74,
      262
   ],
   [
      155,
      262,
      74
   ],
   [
      262,
      74,
      155
   ],
   [
      262,
      155,
      74
   ],
   [
      140,
      171,
      139
   ],
   [
      140,
      139,
      171
   ],
   [
      171,
      140,
      139
   ],
   [
      171,
      139,
      140
   ],
   [
      139,
      140,
      171
   ],
   [
      139,
      171,
      140
   ],
   [
      203,
      111,
      78
   ],
   [
      203,
      78,
      111
   ],
   [
      111,
      203,
      78
   ],
   [
      111,
      78,
      203
   ],
   [
      78,
      203,
      111
   ],
   [
      78,
      111,
      203
   ],
   [
      81,
      72,
      66
   ],
   [
      81,
      66,
      72
   ],
   [
      72,
      81,
      66
   ],
   [
      72,
      66,
      81
   ],
   [
      66,
      81,
      72
   ],
   [
      66,
      72,
      81
   ],
   [
      106,
      203,
      121
   ],
   [
      106,
      121,
      203
   ],
   [
      203,
      106,
      121
   ],
   [
      203,
      121,
      106
   ],
   [
      121,
      106,
      203
   ],
   [
      121,
      203,
      106
   ],
   [
      159,
      346,
      307
   ],
   [
      159,
      307,
      346
   ],
   [
      346,
      159,
      307
   ],
   [
      346,
      307,
      159
   ],
   [
      307,
      159,
      346
   ],
   [
      307,
      346,
      159
   ],
   [
      211,
      119,
      217
   ],
   [
      211,
      217,
      119
   ],
   [
      119,
      211,
      217
   ],
   [
      119,
      217,
      211
   ],
   [
      217,
      211,
      119
   ],
   [
      217,
      119,
      211
   ],
   [
      270,
      166,
      92
   ],
   [
      270,
      92,
      166
   ],
   [
      166,
      270,
      92
   ],
   [
      166,
      92,
      270
   ],
   [
      92,
      270,
      166
   ],
   [
      92,
      166,
      270
   ],
   [
      128,
      256,
      282
   ],
   [
      128,
      282,
      256
   ],
   [
      256,
      128,
      282
   ],
   [
      256,
      282,
      128
   ],
   [
      282,
      128,
      256
   ],
   [
      282,
      256,
      128
   ],
   [
      134,
      86,
      203
   ],
   [
      134,
      203,
      86
   ],
   [
      86,
      134,
      203
   ],
   [
      86,
      203,
      134
   ],
   [
      203,
      134,
      86
   ],
   [
      203,
      86,
      134
   ],
   [
      72,
      284,
      303
   ],
   [
      72,
      303,
      284
   ],
   [
      284,
      72,
      303
   ],
   [
      284,
      303,
      72
   ],
   [
      303,
      72,
      284
   ],
   [
      303,
      284,
      72
   ],
   [
      195,
      111,
      303
   ],
   [
      195,
      303,
      111
   ],
   [
      111,
      195,
      303
   ],
   [
      111,
      303,
      195
   ],
   [
      303,
      195,
      111
   ],
   [
      303,
      111,
      195
   ],
   [
      281,
      158,
      163
   ],
   [
      281,
      163,
      158
   ],
   [
      158,
      281,
      163
   ],
   [
      158,
      163,
      281
   ],
   [
      163,
      281,
      158
   ],
   [
      163,
      158,
      281
   ],
   [
      211,
      106,
      205
   ],
   [
      211,
      205,
      106
   ],
   [
      106,
      211,
      205
   ],
   [
      106,
      205,
      211
   ],
   [
      205,
      211,
      106
   ],
   [
      205,
      106,
      211
   ],
   [
      185,
      157,
      153
   ],
   [
      185,
      153,
      157
   ],
   [
      157,
      185,
      153
   ],
   [
      157,
      153,
      185
   ],
   [
      153,
      185,
      157
   ],
   [
      153,
      157,
      185
   ],
   [
      110,
      262,
      144
   ],
   [
      110,
      144,
      262
   ],
   [
      262,
      110,
      144
   ],
   [
      262,
      144,
      110
   ],
   [
      144,
      110,
      262
   ],
   [
      144,
      262,
      110
   ],
   [
      179,
      106,
      155
   ],
   [
      179,
      155,
      106
   ],
   [
      106,
      179,
      155
   ],
   [
      106,
      155,
      179
   ],
   [
      155,
      179,
      106
   ],
   [
      155,
      106,
      179
   ],
   [
      81,
      240,
      187
   ],
   [
      81,
      187,
      240
   ],
   [
      240,
      81,
      187
   ],
   [
      240,
      187,
      81
   ],
   [
      187,
      81,
      240
   ],
   [
      187,
      240,
      81
   ],
   [
      222,
      173,
      166
   ],
   [
      222,
      166,
      173
   ],
   [
      173,
      222,
      166
   ],
   [
      173,
      166,
      222
   ],
   [
      166,
      222,
      173
   ],
   [
      166,
      173,
      222
   ],
   [
      178,
      346,
      116
   ],
   [
      178,
      116,
      346
   ],
   [
      346,
      178,
      116
   ],
   [
      346,
      116,
      178
   ],
   [
      116,
      178,
      346
   ],
   [
      116,
      346,
      178
   ],
   [
      106,
      217,
      205
   ],
   [
      106,
      205,
      217
   ],
   [
      217,
      106,
      205
   ],
   [
      217,
      205,
      106
   ],
   [
      205,
      106,
      217
   ],
   [
      205,
      217,
      106
   ],
   [
      107,
      203,
      166
   ],
   [
      107,
      166,
      203
   ],
   [
      203,
      107,
      166
   ],
   [
      203,
      166,
      107
   ],
   [
      166,
      107,
      203
   ],
   [
      166,
      203,
      107
   ],
   [
      126,
      107,
      187
   ],
   [
      126,
      187,
      107
   ],
   [
      107,
      126,
      187
   ],
   [
      107,
      187,
      126
   ],
   [
      187,
      126,
      107
   ],
   [
      187,
      107,
      126
   ],
   [
      144,
      103,
      284
   ],
   [
      144,
      284,
      103
   ],
   [
      103,
      144,
      284
   ],
   [
      103,
      284,
      144
   ],
   [
      284,
      144,
      103
   ],
   [
      284,
      103,
      144
   ],
   [
      126,
      145,
      346
   ],
   [
      126,
      346,
      145
   ],
   [
      145,
      126,
      346
   ],
   [
      145,
      346,
      126
   ],
   [
      346,
      126,
      145
   ],
   [
      346,
      145,
      126
   ],
   [
      138,
      143,
      156
   ],
   [
      138,
      156,
      143
   ],
   [
      143,
      138,
      156
   ],
   [
      143,
      156,
      138
   ],
   [
      156,
      138,
      143
   ],
   [
      156,
      143,
      138
   ],
   [
      111,
      151,
      174
   ],
   [
      111,
      174,
      151
   ],
   [
      151,
      111,
      174
   ],
   [
      151,
      174,
      111
   ],
   [
      174,
      111,
      151
   ],
   [
      174,
      151,
      111
   ],
   [
      195,
      74,
      329
   ],
   [
      195,
      329,
      74
   ],
   [
      74,
      195,
      329
   ],
   [
      74,
      329,
      195
   ],
   [
      329,
      195,
      74
   ],
   [
      329,
      74,
      195
   ],
   [
      185,
      169,
      91
   ],
   [
      185,
      91,
      169
   ],
   [
      169,
      185,
      91
   ],
   [
      169,
      91,
      185
   ],
   [
      91,
      185,
      169
   ],
   [
      91,
      169,
      185
   ],
   [
      144,
      126,
      72
   ],
   [
      144,
      72,
      126
   ],
   [
      126,
      144,
      72
   ],
   [
      126,
      72,
      144
   ],
   [
      72,
      144,
      126
   ],
   [
      72,
      126,
      144
   ],
   [
      134,
      233,
      86
   ],
   [
      134,
      86,
      233
   ],
   [
      233,
      134,
      86
   ],
   [
      233,
      86,
      134
   ],
   [
      86,
      134,
      233
   ],
   [
      86,
      233,
      134
   ],
   [
      107,
      346,
      104
   ],
   [
      107,
      104,
      346
   ],
   [
      346,
      107,
      104
   ],
   [
      346,
      104,
      107
   ],
   [
      104,
      107,
      346
   ],
   [
      104,
      346,
      107
   ],
   [
      198,
      159,
      172
   ],
   [
      198,
      172,
      159
   ],
   [
      159,
      198,
      172
   ],
   [
      159,
      172,
      198
   ],
   [
      172,
      198,
      159
   ],
   [
      172,
      159,
      198
   ],
   [
      126,
      107,
      217
   ],
   [
      126,
      217,
      107
   ],
   [
      107,
      126,
      217
   ],
   [
      107,
      217,
      126
   ],
   [
      217,
      126,
      107
   ],
   [
      217,
      107,
      126
   ],
   [
      134,
      155,
      111
   ],
   [
      134,
      111,
      155
   ],
   [
      155,
      134,
      111
   ],
   [
      155,
      111,
      134
   ],
   [
      111,
      134,
      155
   ],
   [
      111,
      155,
      134
   ],
   [
      78,
      139,
      172
   ],
   [
      78,
      172,
      139
   ],
   [
      139,
      78,
      172
   ],
   [
      139,
      172,
      78
   ],
   [
      172,
      78,
      139
   ],
   [
      172,
      139,
      78
   ],
   [
      129,
      106,
      222
   ],
   [
      129,
      222,
      106
   ],
   [
      106,
      129,
      222
   ],
   [
      106,
      222,
      129
   ],
   [
      222,
      129,
      106
   ],
   [
      222,
      106,
      129
   ],
   [
      198,
      107,
      205
   ],
   [
      198,
      205,
      107
   ],
   [
      107,
      198,
      205
   ],
   [
      107,
      205,
      198
   ],
   [
      205,
      198,
      107
   ],
   [
      205,
      107,
      198
   ],
   [
      179,
      230,
      117
   ],
   [
      179,
      117,
      230
   ],
   [
      230,
      179,
      117
   ],
   [
      230,
      117,
      179
   ],
   [
      117,
      179,
      230
   ],
   [
      117,
      230,
      179
   ],
   [
      139,
      137,
      284
   ],
   [
      139,
      284,
      137
   ],
   [
      137,
      139,
      284
   ],
   [
      137,
      284,
      139
   ],
   [
      284,
      139,
      137
   ],
   [
      284,
      137,
      139
   ],
   [
      102,
      187,
      147
   ],
   [
      102,
      147,
      187
   ],
   [
      187,
      102,
      147
   ],
   [
      187,
      147,
      102
   ],
   [
      147,
      102,
      187
   ],
   [
      147,
      187,
      102
   ],
   [
      188,
      86,
      129
   ],
   [
      188,
      129,
      86
   ],
   [
      86,
      188,
      129
   ],
   [
      86,
      129,
      188
   ],
   [
      129,
      188,
      86
   ],
   [
      129,
      86,
      188
   ],
   [
      202,
      108,
      124
   ],
   [
      202,
      124,
      108
   ],
   [
      108,
      202,
      124
   ],
   [
      108,
      124,
      202
   ],
   [
      124,
      202,
      108
   ],
   [
      124,
      108,
      202
   ],
   [
      127,
      161,
      119
   ],
   [
      127,
      119,
      161
   ],
   [
      161,
      127,
      119
   ],
   [
      161,
      119,
      127
   ],
   [
      119,
      127,
      161
   ],
   [
      119,
      161,
      127
   ],
   [
      109,
      118,
      122
   ],
   [
      109,
      122,
      118
   ],
   [
      118,
      109,
      122
   ],
   [
      118,
      122,
      109
   ],
   [
      122,
      109,
      118
   ],
   [
      122,
      118,
      109
   ],
   [
      270,
      144,
      194
   ],
   [
      270,
      194,
      144
   ],
   [
      144,
      270,
      194
   ],
   [
      144,
      194,
      270
   ],
   [
      194,
      270,
      144
   ],
   [
      194,
      144,
      270
   ],
   [
      114,
      246,
      111
   ],
   [
      114,
      111,
      246
   ],
   [
      246,
      114,
      111
   ],
   [
      246,
      111,
      114
   ],
   [
      111,
      114,
      246
   ],
   [
      111,
      246,
      114
   ],
   [
      94,
      96,
      226
   ],
   [
      94,
      226,
      96
   ],
   [
      96,
      94,
      226
   ],
   [
      96,
      226,
      94
   ],
   [
      226,
      94,
      96
   ],
   [
      226,
      96,
      94
   ],
   [
      113,
      175,
      178
   ],
   [
      113,
      178,
      175
   ],
   [
      175,
      113,
      178
   ],
   [
      175,
      178,
      113
   ],
   [
      178,
      113,
      175
   ],
   [
      178,
      175,
      113
   ],
   [
      146,
      139,
      156
   ],
   [
      146,
      156,
      139
   ],
   [
      139,
      146,
      156
   ],
   [
      139,
      156,
      146
   ],
   [
      156,
      146,
      139
   ],
   [
      156,
      139,
      146
   ],
   [
      72,
      95,
      103
   ],
   [
      72,
      103,
      95
   ],
   [
      95,
      72,
      103
   ],
   [
      95,
      103,
      72
   ],
   [
      103,
      72,
      95
   ],
   [
      103,
      95,
      72
   ],
   [
      209,
      116,
      175
   ],
   [
      209,
      175,
      116
   ],
   [
      116,
      209,
      175
   ],
   [
      116,
      175,
      209
   ],
   [
      175,
      209,
      116
   ],
   [
      175,
      116,
      209
   ],
   [
      223,
      94,
      103
   ],
   [
      223,
      103,
      94
   ],
   [
      94,
      223,
      103
   ],
   [
      94,
      103,
      223
   ],
   [
      103,
      223,
      94
   ],
   [
      103,
      94,
      223
   ],
   [
      109,
      182,
      172
   ],
   [
      109,
      172,
      182
   ],
   [
      182,
      109,
      172
   ],
   [
      182,
      172,
      109
   ],
   [
      172,
      109,
      182
   ],
   [
      172,
      182,
      109
   ],
   [
      81,
      144,
      156
   ],
   [
      81,
      156,
      144
   ],
   [
      144,
      81,
      156
   ],
   [
      144,
      156,
      81
   ],
   [
      156,
      81,
      144
   ],
   [
      156,
      144,
      81
   ],
   [
      202,
      241,
      91
   ],
   [
      202,
      91,
      241
   ],
   [
      241,
      202,
      91
   ],
   [
      241,
      91,
      202
   ],
   [
      91,
      202,
      241
   ],
   [
      91,
      241,
      202
   ],
   [
      202,
      202,
      92
   ],
   [
      202,
      92,
      202
   ],
   [
      202,
      202,
      92
   ],
   [
      202,
      92,
      202
   ],
   [
      92,
      202,
      202
   ],
   [
      92,
      202,
      202
   ],
   [
      88,
      106,
      228
   ],
   [
      88,
      228,
      106
   ],
   [
      106,
      88,
      228
   ],
   [
      106,
      228,
      88
   ],
   [
      228,
      88,
      106
   ],
   [
      228,
      106,
      88
   ],
   [
      106,
      119,
      241
   ],
   [
      106,
      241,
      119
   ],
   [
      119,
      106,
      241
   ],
   [
      119,
      241,
      106
   ],
   [
      241,
      106,
      119
   ],
   [
      241,
      119,
      106
   ],
   [
      219,
      171,
      155
   ],
   [
      219,
      155,
      171
   ],
   [
      171,
      219,
      155
   ],
   [
      171,
      155,
      219
   ],
   [
      155,
      219,
      171
   ],
   [
      155,
      171,
      219
   ],
   [
      130,
      182,
      137
   ],
   [
      130,
      137,
      182
   ],
   [
      182,
      130,
      137
   ],
   [
      182,
      137,
      130
   ],
   [
      137,
      130,
      182
   ],
   [
      137,
      182,
      130
   ],
   [
      134,
      179,
      158
   ],
   [
      134,
      158,
      179
   ],
   [
      179,
      134,
      158
   ],
   [
      179,
      158,
      134
   ],
   [
      158,
      134,
      179
   ],
   [
      158,
      179,
      134
   ],
   [
      197,
      157,
      193
   ],
   [
      197,
      193,
      157
   ],
   [
      157,
      197,
      193
   ],
   [
      157,
      193,
      197
   ],
   [
      193,
      197,
      157
   ],
   [
      193,
      157,
      197
   ],
   [
      166,
      102,
      95
   ],
   [
      166,
      95,
      102
   ],
   [
      102,
      166,
      95
   ],
   [
      102,
      95,
      166
   ],
   [
      95,
      166,
      102
   ],
   [
      95,
      102,
      166
   ],
   [
      145,
      165,
      159
   ],
   [
      145,
      159,
      165
   ],
   [
      165,
      145,
      159
   ],
   [
      165,
      159,
      145
   ],
   [
      159,
      145,
      165
   ],
   [
      159,
      165,
      145
   ],
   [
      162,
      131,
      187
   ],
   [
      162,
      187,
      131
   ],
   [
      131,
      162,
      187
   ],
   [
      131,
      187,
      162
   ],
   [
      187,
      162,
      131
   ],
   [
      187,
      131,
      162
   ],
   [
      102,
      134,
      131
   ],
   [
      102,
      131,
      134
   ],
   [
      134,
      102,
      131
   ],
   [
      134,
      131,
      102
   ],
   [
      131,
      102,
      134
   ],
   [
      131,
      134,
      102
   ],
   [
      111,
      108,
      138
   ],
   [
      111,
      138,
      108
   ],
   [
      108,
      111,
      138
   ],
   [
      108,
      138,
      111
   ],
   [
      138,
      111,
      108
   ],
   [
      138,
      108,
      111
   ],
   [
      106,
      240,
      144
   ],
   [
      106,
      144,
      240
   ],
   [
      240,
      106,
      144
   ],
   [
      240,
      144,
      106
   ],
   [
      144,
      106,
      240
   ],
   [
      144,
      240,
      106
   ],
   [
      189,
      107,
      61
   ],
   [
      189,
      61,
      107
   ],
   [
      107,
      189,
      61
   ],
   [
      107,
      61,
      189
   ],
   [
      61,
      189,
      107
   ],
   [
      61,
      107,
      189
   ],
   [
      147,
      186,
      179
   ],
   [
      147,
      179,
      186
   ],
   [
      186,
      147,
      179
   ],
   [
      186,
      179,
      147
   ],
   [
      179,
      147,
      186
   ],
   [
      179,
      186,
      147
   ],
   [
      346,
      134,
      123
   ],
   [
      346,
      123,
      134
   ],
   [
      134,
      346,
      123
   ],
   [
      134,
      123,
      346
   ],
   [
      123,
      346,
      134
   ],
   [
      123,
      134,
      346
   ],
   [
      276,
      250,
      182
   ],
   [
      276,
      182,
      250
   ],
   [
      250,
      276,
      182
   ],
   [
      250,
      182,
      276
   ],
   [
      182,
      276,
      250
   ],
   [
      182,
      250,
      276
   ],
   [
      270,
      124,
      126
   ],
   [
      270,
      126,
      124
   ],
   [
      124,
      270,
      126
   ],
   [
      124,
      126,
      270
   ],
   [
      126,
      270,
      124
   ],
   [
      126,
      124,
      270
   ],
   [
      96,
      209,
      95
   ],
   [
      96,
      95,
      209
   ],
   [
      209,
      96,
      95
   ],
   [
      209,
      95,
      96
   ],
   [
      95,
      96,
      209
   ],
   [
      95,
      209,
      96
   ],
   [
      283,
      119,
      172
   ],
   [
      283,
      172,
      119
   ],
   [
      119,
      283,
      172
   ],
   [
      119,
      172,
      283
   ],
   [
      172,
      283,
      119
   ],
   [
      172,
      119,
      283
   ],
   [
      66,
      138,
      250
   ],
   [
      66,
      250,
      138
   ],
   [
      138,
      66,
      250
   ],
   [
      138,
      250,
      66
   ],
   [
      250,
      66,
      138
   ],
   [
      250,
      138,
      66
   ],
   [
      162,
      152,
      102
   ],
   [
      162,
      102,
      152
   ],
   [
      152,
      162,
      102
   ],
   [
      152,
      102,
      162
   ],
   [
      102,
      162,
      152
   ],
   [
      102,
      152,
      162
   ],
   [
      197,
      175,
      170
   ],
   [
      197,
      170,
      175
   ],
   [
      175,
      197,
      170
   ],
   [
      175,
      170,
      197
   ],
   [
      170,
      197,
      175
   ],
   [
      170,
      175,
      197
   ],
   [
      240,
      94,
      92
   ],
   [
      240,
      92,
      94
   ],
   [
      94,
      240,
      92
   ],
   [
      94,
      92,
      240
   ],
   [
      92,
      240,
      94
   ],
   [
      92,
      94,
      240
   ],
   [
      203,
      113,
      144
   ],
   [
      203,
      144,
      113
   ],
   [
      113,
      203,
      144
   ],
   [
      113,
      144,
      203
   ],
   [
      144,
      203,
      113
   ],
   [
      144,
      113,
      203
   ],
   [
      203,
      193,
      135
   ],
   [
      203,
      135,
      193
   ],
   [
      193,
      203,
      135
   ],
   [
      193,
      135,
      203
   ],
   [
      135,
      203,
      193
   ],
   [
      135,
      193,
      203
   ],
   [
      113,
      86,
      58
   ],
   [
      113,
      58,
      86
   ],
   [
      86,
      113,
      58
   ],
   [
      86,
      58,
      113
   ],
   [
      58,
      113,
      86
   ],
   [
      58,
      86,
      113
   ],
   [
      138,
      134,
      106
   ],
   [
      138,
      106,
      134
   ],
   [
      134,
      138,
      106
   ],
   [
      134,
      106,
      138
   ],
   [
      106,
      138,
      134
   ],
   [
      106,
      134,
      138
   ],
   [
      187,
      122,
      96
   ],
   [
      187,
      96,
      122
   ],
   [
      122,
